Indice, ruas que sao intercetadas
1;477;1859;
2;1859;9;
3;369;1;
4;1;2;
5;1;1373;
6;1373;1372;
7;1372;5;
8;5;1362;
9;1362;439;
10;11;443;
11;443;2080;
12;2080;444;
13;14;1626;
14;1626;15;
15;15;16;
16;24;2453;
17;2453;384;
18;384;408;
19;408;400;
20;400;2349;
21;2349;396;
22;396;2350;
23;2350;2343;
24;2343;2344;
25;2344;399;
26;399;948;
27;948;1133;
28;1133;1134;
29;1134;549;
30;549;2346;
31;118;21;
32;21;1624;
33;1624;22;
34;23;1701;
35;1701;1603;
36;1603;376;
37;376;377;
38;377;19;
39;1117;448;
40;448;1453;
41;547;2333;
42;2333;552;
43;552;1882;
44;1882;205;
45;205;1471;
46;1471;556;
47;556;1138;
48;1138;106;
49;106;105;
50;2451;279;
51;279;89;
52;3;1786;
53;1786;1866;
54;1866;32;
55;1783;1780;
56;1780;1782;
57;1782;1781;
58;1781;1784;
59;1784;1831;
60;1831;82;
61;82;40;
62;40;2046;
63;2046;1830;
64;1830;2126;
65;2126;35;
66;35;417;
67;417;36;
68;36;2035;
69;2035;2135;
70;2135;1354;
71;1354;37;
72;37;1351;
73;1351;1346;
74;1346;38;
75;38;2034;
76;2034;2033;
77;2033;432;
78;102;2240;
79;2240;183;
80;183;780;
81;780;2245;
82;2245;61;
83;61;2246;
84;2246;1972;
85;1972;62;
86;62;2250;
87;2250;1174;
88;723;344;
89;344;711;
90;711;707;
91;707;63;
92;54;55;
93;55;56;
94;56;57;
95;57;1966;
96;1966;189;
97;189;2251;
98;2251;1174;
99;1174;1911;
100;1911;732;
101;732;1913;
102;1913;735;
103;58;2237;
104;2237;1977;
105;1977;343;
106;343;723;
107;75;76;
108;76;77;
109;222;1747;
110;1747;1748;
111;1748;1749;
112;1749;1856;
113;1856;32;
114;356;355;
115;355;354;
116;354;353;
117;353;418;
118;449;2165;
119;2165;584;
120;584;78;
121;99;957;
122;957;1089;
123;1089;1599;
124;1599;1850;
125;1850;603;
126;603;604;
127;604;612;
128;612;2264;
129;2264;100;
130;100;954;
131;954;953;
132;953;483;
133;483;83;
134;1093;1600;
135;1600;1094;
136;1094;1851;
137;1851;2195;
138;81;1130;
139;1130;101;
140;101;1128;
141;1128;1129;
142;1129;529;
143;529;1131;
144;1131;530;
145;530;193;
146;193;928;
147;928;955;
148;83;1868;
149;1868;958;
150;958;774;
151;774;2091;
152;2091;12;
153;12;779;
154;779;1860;
155;1860;1037;
156;1037;2098;
157;32;1759;
158;1759;1717;
159;1717;374;
160;374;1752;
161;1752;480;
162;480;1715;
163;1715;1709;
164;111;1502;
165;1502;1494;
166;1494;1493;
167;1493;110;
168;110;109;
169;109;1503;
170;1503;516;
171;516;514;
172;514;108;
173;108;515;
174;515;107;
175;107;1505;
176;1505;492;
177;492;445;
178;125;122;
179;80;462;
180;462;2340;
181;2340;2484;
182;2484;260;
183;126;1994;
184;1994;1068;
185;1068;1066;
186;1066;1065;
187;1065;1067;
188;1067;1063;
189;1063;1064;
190;1064;1069;
191;1069;128;
192;127;1995;
193;1995;1073;
194;1073;1072;
195;1072;1070;
196;1070;1071;
197;129;161;
198;161;130;
199;130;956;
200;956;1597;
201;1597;1934;
202;1934;83;
203;135;134;
204;134;1812;
205;1812;1811;
206;1811;1813;
207;1813;133;
208;133;645;
209;645;1927;
210;1927;581;
211;581;637;
212;432;2032;
213;2032;1832;
214;1832;636;
215;636;625;
216;625;2026;
217;2026;2025;
218;2025;2545;
219;2545;1829;
220;1829;2191;
221;2191;2161;
222;95;147;
223;493;2232;
224;2232;491;
225;491;2233;
226;2233;490;
227;490;1111;
228;1111;487;
229;487;1379;
230;1379;486;
231;1502;2000;
232;2000;471;
233;471;1182;
234;1182;151;
235;151;1181;
236;1181;1183;
237;1183;150;
238;150;30;
239;442;447;
240;7;1241;
241;1241;6;
242;6;442;
243;77;1506;
244;1506;155;
245;156;2026;
246;2026;158;
247;158;1221;
248;1221;2218;
249;2218;157;
250;936;160;
251;160;328;
252;328;161;
253;880;174;
254;174;173;
255;173;172;
256;172;171;
257;171;170;
258;170;169;
259;169;168;
260;168;436;
261;436;167;
262;167;293;
263;293;166;
264;166;165;
265;165;164;
266;164;163;
267;163;300;
268;300;322;
269;322;162;
270;162;131;
271;797;1910;
272;1910;796;
273;796;658;
274;658;426;
275;426;175;
276;175;176;
277;176;1909;
278;1909;2420;
279;183;2313;
280;2313;184;
281;184;185;
282;185;1552;
283;1552;186;
284;186;310;
285;310;188;
286;188;1791;
287;1791;192;
288;192;814;
289;814;438;
290;438;187;
291;61;1263;
292;1263;2247;
293;2247;1980;
294;1980;731;
295;731;2243;
296;2243;2416;
297;2416;59;
298;1966;1967;
299;1967;1554;
300;1554;1555;
301;1555;190;
302;190;1970;
303;1970;191;
304;191;434;
305;434;736;
306;736;1790;
307;1790;1974;
308;1974;1975;
309;1975;192;
310;472;197;
311;197;111;
312;305;306;
313;306;872;
314;872;870;
315;870;873;
316;873;881;
317;2421;412;
318;412;135;
319;13;196;
320;2;198;
321;198;1642;
322;1642;1662;
323;200;1371;
324;1371;1615;
325;1615;1616;
326;1616;1368;
327;1368;201;
328;201;1369;
329;1369;28;
330;728;727;
331;727;726;
332;726;177;
333;177;178;
334;178;179;
335;179;729;
336;729;180;
337;180;181;
338;181;1961;
339;1961;182;
340;182;1964;
341;1964;56;
342;518;64;
343;204;721;
344;721;410;
345;194;1523;
346;1523;327;
347;327;449;
348;769;2356;
349;2356;765;
350;765;2355;
351;2355;469;
352;469;1203;
353;1203;1212;
354;1212;1213;
355;1213;1195;
356;1195;1197;
357;1197;1211;
358;1211;1200;
359;1200;620;
360;620;143;
361;143;2439;
362;2439;144;
363;210;589;
364;4;2322;
365;2322;2321;
366;2321;403;
367;403;1720;
368;1720;2320;
369;2320;232;
370;232;233;
371;4;3;
372;3;379;
373;379;1714;
374;1714;9;
375;9;1058;
376;1058;1051;
377;1051;6;
378;6;10;
379;10;1940;
380;1940;1939;
381;1939;12;
382;2342;409;
383;409;2351;
384;2351;399;
385;555;356;
386;356;147;
387;147;564;
388;564;120;
389;114;113;
390;58;2270;
391;2270;1912;
392;88;2526;
393;2526;202;
394;202;2527;
395;2527;87;
396;87;2528;
397;2528;2529;
398;2529;245;
399;245;2530;
400;2530;86;
401;86;418;
402;418;31;
403;260;2485;
404;2485;2523;
405;2523;2339;
406;2339;554;
407;554;2489;
408;2489;547;
409;144;1535;
410;1535;2438;
411;2438;2292;
412;2292;482;
413;482;141;
414;141;466;
415;466;745;
416;745;747;
417;747;746;
418;746;2421;
419;555;90;
420;29;497;
421;497;1375;
422;1375;1378;
423;1378;28;
424;28;1377;
425;1377;1376;
426;1376;1374;
427;1374;2;
428;212;2053;
429;2053;211;
430;211;1848;
431;1848;210;
432;214;213;
433;215;457;
434;457;214;
435;1015;1854;
436;1854;41;
437;41;1753;
438;1753;1745;
439;1745;84;
440;84;85;
441;85;1014;
442;1014;222;
443;222;481;
444;481;1765;
445;1765;392;
446;392;1767;
447;1767;217;
448;120;124;
449;124;119;
450;44;1841;
451;1841;2443;
452;2443;388;
453;388;579;
454;579;2444;
455;2444;45;
456;45;93;
457;93;382;
458;387;390;
459;234;1771;
460;1771;406;
461;406;1775;
462;1775;394;
463;235;2532;
464;2532;386;
465;386;2533;
466;2533;383;
467;383;2534;
468;2534;219;
469;96;2199;
470;2199;95;
471;95;623;
472;623;360;
473;360;94;
474;547;2329;
475;121;2209;
476;2209;237;
477;237;576;
478;576;238;
479;238;2208;
480;2208;578;
481;578;239;
482;239;2207;
483;2207;580;
484;580;240;
485;240;2206;
486;2206;241;
487;241;242;
488;242;243;
489;243;244;
490;244;245;
491;80;246;
492;246;249;
493;249;247;
494;247;248;
495;248;1490;
496;1490;1491;
497;255;1847;
498;1847;254;
499;254;253;
500;253;2055;
501;2055;252;
502;252;251;
503;251;250;
504;250;262;
505;262;1877;
506;1877;261;
507;261;2469;
508;2469;267;
509;262;263;
510;263;1470;
511;1470;1887;
512;1887;1896;
513;413;267;
514;256;565;
515;565;271;
516;271;1481;
517;1481;270;
518;270;273;
519;273;269;
520;269;268;
521;268;272;
522;272;271;
523;272;273;
524;275;274;
525;277;275;
526;275;2519;
527;2519;2211;
528;2211;2520;
529;2520;2210;
530;2210;2521;
531;2521;2212;
532;2212;2522;
533;2522;278;
534;278;2518;
535;2518;461;
536;461;2213;
537;2213;2341;
538;2341;276;
539;507;283;
540;287;531;
541;531;2141;
542;2141;2142;
543;2142;2128;
544;2128;1188;
545;1188;1553;
546;11;290;
547;290;484;
548;484;1936;
549;1936;1935;
550;1935;483;
551;2184;2185;
552;2185;2150;
553;2150;1941;
554;1941;2551;
555;2551;1240;
556;1240;2418;
557;2418;2417;
558;930;929;
559;929;933;
560;933;942;
561;942;292;
562;942;951;
563;951;950;
564;950;949;
565;949;952;
566;952;295;
567;295;301;
568;301;296;
569;296;297;
570;297;329;
571;329;131;
572;298;299;
573;299;890;
574;918;302;
575;1145;1146;
576;1146;1147;
577;1147;860;
578;860;866;
579;866;869;
580;869;863;
581;863;867;
582;867;861;
583;861;862;
584;862;865;
585;865;1792;
586;1792;864;
587;864;868;
588;868;833;
589;843;314;
590;314;313;
591;313;312;
592;312;1942;
593;1942;1943;
594;1943;1789;
595;1789;380;
596;380;1148;
597;1148;1152;
598;1152;1151;
599;1151;1150;
600;1150;1149;
601;311;315;
602;315;914;
603;914;892;
604;101;1384;
605;1384;1383;
606;1383;1382;
607;1382;1385;
608;1385;527;
609;527;1127;
610;1127;2267;
611;2267;316;
612;316;906;
613;906;871;
614;871;910;
615;910;909;
616;909;911;
617;911;915;
618;915;912;
619;912;913;
620;913;914;
621;808;1957;
622;1957;724;
623;724;654;
624;654;317;
625;317;725;
626;725;794;
627;794;792;
628;808;803;
629;803;1960;
630;1960;2271;
631;2271;722;
632;722;2275;
633;2275;342;
634;342;2273;
635;2273;1965;
636;1965;318;
637;318;427;
638;427;319;
639;319;320;
640;320;2274;
641;2274;2075;
642;2075;321;
643;321;2272;
644;2272;2016;
645;2016;428;
646;322;1990;
647;1990;323;
648;323;324;
649;324;325;
650;325;1928;
651;1928;326;
652;669;697;
653;697;687;
654;687;683;
655;683;679;
656;679;718;
657;2421;2309;
658;2309;1516;
659;1516;1512;
660;1512;705;
661;334;335;
662;335;715;
663;715;336;
664;336;1283;
665;1283;337;
666;337;338;
667;338;340;
668;412;2019;
669;2019;674;
670;674;703;
671;1522;2391;
672;2391;2390;
673;2390;705;
674;97;350;
675;350;349;
676;349;2200;
677;2200;348;
678;348;347;
679;347;346;
680;360;361;
681;361;362;
682;362;363;
683;363;2201;
684;364;365;
685;365;366;
686;367;366;
687;366;357;
688;472;1845;
689;1845;1846;
690;1846;81;
691;17;18;
692;18;1504;
693;1504;13;
694;118;2552;
695;2552;2459;
696;2459;2460;
697;2460;2081;
698;2081;512;
699;512;2083;
700;2083;19;
701;19;20;
702;20;2461;
703;2461;14;
704;1709;1713;
705;1713;1711;
706;1711;1712;
707;1712;1710;
708;1710;370;
709;370;379;
710;379;1359;
711;440;1059;
712;1059;2231;
713;2231;1358;
714;1358;1357;
715;43;1173;
716;1173;285;
717;285;1343;
718;1343;42;
719;42;1865;
720;1865;375;
721;375;1726;
722;1726;478;
723;478;1751;
724;1751;1015;
725;1709;511;
726;511;1855;
727;1855;1722;
728;1722;378;
729;378;372;
730;372;1853;
731;1853;373;
732;373;1292;
733;1292;282;
734;282;1172;
735;1172;477;
736;477;159;
737;224;1763;
738;1763;234;
739;234;229;
740;387;2448;
741;2448;227;
742;74;567;
743;567;566;
744;566;368;
745;368;1171;
746;1171;46;
747;46;47;
748;47;1944;
749;1944;48;
750;48;49;
751;49;1593;
752;1593;50;
753;50;523;
754;523;51;
755;51;52;
756;52;1575;
757;1575;1561;
758;1561;187;
759;187;53;
760;53;54;
761;2395;2392;
762;2392;2394;
763;2394;2393;
764;2393;2268;
765;2268;415;
766;410;2077;
767;2077;521;
768;521;194;
769;420;598;
770;598;419;
771;419;1997;
772;1997;1104;
773;1104;1106;
774;1106;1107;
775;1107;1105;
776;102;2311;
777;2311;437;
778;437;308;
779;308;309;
780;309;435;
781;435;305;
782;2289;424;
783;424;2286;
784;2286;2437;
785;2437;423;
786;423;144;
787;58;1261;
788;1261;1282;
789;1282;2239;
790;2239;104;
791;159;1296;
792;1296;1861;
793;1861;1858;
794;1858;1338;
795;1338;43;
796;432;430;
797;430;1347;
798;1347;500;
799;500;2031;
800;2031;635;
801;635;2030;
802;2030;2255;
803;2255;1228;
804;857;816;
805;816;310;
806;292;294;
807;294;302;
808;302;304;
809;304;298;
810;298;812;
811;200;1999;
812;1999;1998;
813;1998;602;
814;602;1458;
815;1458;489;
816;444;2230;
817;2230;441;
818;441;1363;
819;1363;1365;
820;1365;1361;
821;1361;1364;
822;1364;1360;
823;1360;439;
824;767;2542;
825;2542;2175;
826;2175;2541;
827;2541;2543;
828;2543;1816;
829;1816;453;
830;452;1604;
831;1604;2363;
832;2363;1606;
833;1606;1607;
834;1607;451;
835;455;1819;
836;1819;1815;
837;1815;1605;
838;1605;2362;
839;29;498;
840;498;1443;
841;1443;499;
842;499;458;
843;458;1440;
844;1440;1444;
845;1444;1445;
846;1445;1435;
847;1435;459;
848;459;1441;
849;1441;1439;
850;1439;1436;
851;1436;1431;
852;1431;1432;
853;1649;1655;
854;1655;1656;
855;1656;1657;
856;1657;1646;
857;1646;1662;
858;1662;1648;
859;1648;1661;
860;1661;1643;
861;1643;1663;
862;1663;1645;
863;1645;1653;
864;1653;1652;
865;1652;1659;
866;1659;1614;
867;1614;2464;
868;2464;2465;
869;2465;195;
870;195;1840;
871;1840;1650;
872;1650;1665;
873;1665;1658;
874;1658;1660;
875;1660;1644;
876;1644;199;
877;199;1649;
878;1642;2146;
879;2146;26;
880;26;1666;
881;27;2463;
882;2463;23;
883;23;389;
884;389;2423;
885;2423;24;
886;1651;2354;
887;2354;27;
888;461;462;
889;466;467;
890;467;647;
891;647;1530;
892;1530;1534;
893;1534;1531;
894;1531;141;
895;1219;2258;
896;2258;2259;
897;2259;621;
898;621;2140;
899;2140;2261;
900;2261;98;
901;98;622;
902;622;2260;
903;2260;2162;
904;2162;2022;
905;2022;287;
906;287;145;
907;764;2262;
908;2262;752;
909;752;751;
910;751;753;
911;753;2153;
912;2153;2155;
913;2155;2154;
914;495;496;
915;496;286;
916;282;1303;
917;1303;1301;
918;1301;1289;
919;1289;507;
920;507;1299;
921;1299;505;
922;505;1017;
923;1017;502;
924;502;159;
925;43;501;
926;501;1016;
927;1016;1336;
928;1336;503;
929;503;504;
930;504;1339;
931;1339;1342;
932;1342;285;
933;519;517;
934;522;520;
935;520;2076;
936;2076;519;
937;64;1227;
938;217;1764;
939;1764;1728;
940;1728;32;
941;557;1138;
942;556;2475;
943;2475;2470;
944;2470;557;
945;377;1705;
946;1705;545;
947;545;540;
948;540;538;
949;538;537;
950;537;539;
951;539;542;
952;542;543;
953;543;544;
954;544;1693;
955;1693;546;
956;546;1704;
957;1704;376;
958;525;524;
959;545;2013;
960;2013;2014;
961;2014;546;
962;559;562;
963;535;536;
964;259;563;
965;563;560;
966;1142;528;
967;528;526;
968;526;525;
969;554;2486;
970;2486;2487;
971;2487;2338;
972;2338;553;
973;553;2488;
974;2488;2337;
975;2337;552;
976;560;559;
977;559;558;
978;558;561;
979;561;562;
980;562;563;
981;539;535;
982;535;533;
983;533;534;
984;534;536;
985;536;541;
986;541;544;
987;418;2531;
988;2531;568;
989;568;569;
990;569;570;
991;570;571;
992;571;463;
993;463;2205;
994;2205;464;
995;464;2204;
996;2204;281;
997;281;280;
998;280;279;
999;227;405;
1000;405;401;
1001;401;2447;
1002;2447;394;
1003;10;1050;
1004;1050;11;
1005;145;1222;
1006;1222;146;
1007;146;2161;
1008;2161;2103;
1009;2103;2105;
1010;2105;8;
1011;439;493;
1012;103;1189;
1013;1189;452;
1014;493;1071;
1015;493;1601;
1016;1601;582;
1017;582;200;
1018;200;583;
1019;583;1452;
1020;1452;1438;
1021;590;207;
1022;207;1488;
1023;1488;1487;
1024;1487;1762;
1025;590;588;
1026;588;587;
1027;587;586;
1028;586;1760;
1029;596;591;
1030;591;594;
1031;1446;599;
1032;599;1447;
1033;1447;494;
1034;1438;1448;
1035;1448;1449;
1036;1449;1450;
1037;1463;600;
1038;600;601;
1039;601;1461;
1040;1461;1462;
1041;1462;1464;
1042;607;1061;
1043;1061;1062;
1044;1062;1060;
1045;1060;604;
1046;605;1992;
1047;1992;1993;
1048;1993;608;
1049;608;1991;
1050;1991;607;
1051;603;606;
1052;606;609;
1053;609;605;
1054;612;610;
1055;610;613;
1056;613;614;
1057;614;2265;
1058;2265;611;
1059;611;126;
1060;111;616;
1061;616;1495;
1062;1495;617;
1063;626;2197;
1064;2197;2196;
1065;2196;34;
1066;34;35;
1067;35;1507;
1068;1507;2041;
1069;2041;1750;
1070;1750;479;
1071;479;532;
1072;532;41;
1073;33;2253;
1074;2253;34;
1075;39;1833;
1076;1833;1783;
1077;447;446;
1078;446;154;
1079;154;1429;
1080;1429;153;
1081;2030;2029;
1082;2029;1232;
1083;1232;2134;
1084;2134;1231;
1085;1231;1230;
1086;628;2024;
1087;2024;1617;
1088;1617;633;
1089;633;630;
1090;630;1239;
1091;1239;1236;
1092;1236;1235;
1093;1235;1238;
1094;1238;1237;
1095;286;631;
1096;631;156;
1097;624;2263;
1098;2263;2425;
1099;2425;754;
1100;2022;2021;
1101;2021;1801;
1102;1801;638;
1103;638;642;
1104;642;1021;
1105;1021;1019;
1106;1019;1020;
1107;142;2173;
1108;2173;2174;
1109;637;643;
1110;643;641;
1111;641;640;
1112;642;639;
1113;639;2157;
1114;2157;2188;
1115;2188;2156;
1116;652;1804;
1117;1804;1805;
1118;1805;651;
1119;651;1921;
1120;1921;646;
1121;467;648;
1122;648;1528;
1123;1528;1532;
1124;1532;1527;
1125;1527;1529;
1126;1529;650;
1127;650;2018;
1128;2018;1823;
1129;422;2537;
1130;2537;2287;
1131;2287;657;
1132;657;655;
1133;655;653;
1134;653;1825;
1135;1825;656;
1136;656;1824;
1137;1824;2017;
1138;330;1988;
1139;1988;339;
1140;718;1179;
1141;1179;1178;
1142;1178;1175;
1143;1175;1176;
1144;1176;1180;
1145;1180;1177;
1146;1177;717;
1147;717;334;
1148;334;666;
1149;666;677;
1150;677;2536;
1151;2536;1932;
1152;1932;1285;
1153;1285;1835;
1154;341;1914;
1155;1914;678;
1156;678;1915;
1157;1915;104;
1158;339;1922;
1159;1922;682;
1160;682;694;
1161;694;695;
1162;695;675;
1163;675;689;
1164;689;690;
1165;690;691;
1166;691;670;
1167;670;664;
1168;664;684;
1169;684;688;
1170;688;676;
1171;676;663;
1172;663;341;
1173;1166;1508;
1174;1508;706;
1175;330;699;
1176;699;702;
1177;702;698;
1178;698;700;
1179;701;681;
1180;681;416;
1181;416;330;
1182;703;701;
1183;676;709;
1184;709;712;
1185;712;714;
1186;714;713;
1187;713;710;
1188;710;708;
1189;708;716;
1190;482;1533;
1191;2321;387;
1192;233;1766;
1193;1766;224;
1194;89;2495;
1195;2495;2493;
1196;2493;2494;
1197;2494;2496;
1198;2496;277;
1199;555;31;
1200;123;2516;
1201;2516;2515;
1202;2515;2514;
1203;2514;2508;
1204;2508;2497;
1205;2497;277;
1206;79;2482;
1207;2482;2483;
1208;2483;80;
1209;394;2319;
1210;2319;2318;
1211;2318;216;
1212;216;2441;
1213;2441;2317;
1214;2317;2445;
1215;2445;1842;
1216;1842;1834;
1217;1834;391;
1218;391;2442;
1219;2442;395;
1220;624;2176;
1221;2176;756;
1222;756;1871;
1223;769;470;
1224;470;762;
1225;762;2364;
1226;2364;767;
1227;767;772;
1228;772;758;
1229;758;771;
1230;771;768;
1231;768;2020;
1232;2020;770;
1233;770;766;
1234;766;760;
1235;760;759;
1236;759;761;
1237;761;763;
1238;763;473;
1239;473;757;
1240;757;1018;
1241;1018;764;
1242;2089;2310;
1243;2310;102;
1244;782;787;
1245;787;785;
1246;785;788;
1247;789;790;
1248;790;786;
1249;786;784;
1250;784;782;
1251;792;1215;
1252;1215;1214;
1253;1214;1216;
1254;1216;2420;
1255;2420;793;
1256;793;795;
1257;795;791;
1258;791;728;
1259;1912;797;
1260;797;811;
1261;811;809;
1262;809;801;
1263;801;800;
1264;800;799;
1265;799;802;
1266;802;808;
1267;811;798;
1268;798;810;
1269;810;804;
1270;804;805;
1271;805;806;
1272;806;807;
1273;807;803;
1274;305;821;
1275;821;817;
1276;817;820;
1277;816;1985;
1278;1985;815;
1279;815;819;
1280;819;818;
1281;820;830;
1282;830;829;
1283;829;971;
1284;971;828;
1285;828;823;
1286;823;851;
1287;851;850;
1288;850;848;
1289;848;834;
1290;834;859;
1291;859;852;
1292;852;847;
1293;847;837;
1294;837;853;
1295;853;856;
1296;856;857;
1297;834;855;
1298;855;839;
1299;839;835;
1300;835;845;
1301;845;854;
1302;854;826;
1303;826;846;
1304;846;838;
1305;838;836;
1306;836;844;
1307;844;822;
1308;822;842;
1309;842;840;
1310;840;833;
1311;833;849;
1312;849;832;
1313;832;970;
1314;970;843;
1315;830;824;
1316;824;858;
1317;858;841;
1318;841;831;
1319;831;825;
1320;825;827;
1321;827;853;
1322;888;879;
1323;879;307;
1324;307;303;
1325;303;476;
1326;476;916;
1327;916;919;
1328;919;918;
1329;918;917;
1330;917;920;
1331;920;921;
1332;921;924;
1333;924;922;
1334;922;927;
1335;927;926;
1336;926;925;
1337;925;923;
1338;923;928;
1339;892;884;
1340;884;897;
1341;897;900;
1342;900;875;
1343;875;874;
1344;874;889;
1345;889;307;
1346;892;903;
1347;878;885;
1348;885;891;
1349;891;890;
1350;890;905;
1351;905;888;
1352;888;882;
1353;882;907;
1354;907;904;
1355;904;908;
1356;908;899;
1357;899;901;
1358;901;894;
1359;894;893;
1360;893;903;
1361;903;883;
1362;883;895;
1363;895;898;
1364;898;886;
1365;886;887;
1366;887;881;
1367;881;877;
1368;877;902;
1369;902;896;
1370;896;880;
1371;880;876;
1372;876;878;
1373;930;937;
1374;937;935;
1375;935;99;
1376;933;945;
1377;945;941;
1378;941;939;
1379;939;944;
1380;944;934;
1381;934;936;
1382;942;931;
1383;931;943;
1384;943;946;
1385;946;938;
1386;938;940;
1387;940;936;
1388;550;2336;
1389;2336;2335;
1390;2335;551;
1391;551;2334;
1392;2334;547;
1393;549;2491;
1394;2491;2490;
1395;2490;2492;
1396;2492;2451;
1397;955;291;
1398;291;1862;
1399;1862;99;
1400;422;959;
1401;959;2286;
1402;959;2288;
1403;960;2436;
1404;2436;144;
1405;137;961;
1406;961;2219;
1407;2219;138;
1408;138;2276;
1409;2276;139;
1410;139;474;
1411;474;2220;
1412;2220;140;
1413;140;2221;
1414;2221;960;
1415;475;964;
1416;964;965;
1417;965;967;
1418;967;966;
1419;966;969;
1420;969;968;
1421;968;963;
1422;117;972;
1423;972;986;
1424;986;978;
1425;978;991;
1426;991;977;
1427;977;979;
1428;979;980;
1429;980;982;
1430;982;975;
1431;975;973;
1432;973;985;
1433;985;974;
1434;974;990;
1435;990;1013;
1436;1013;2299;
1437;2299;996;
1438;996;999;
1439;999;1005;
1440;1005;1004;
1441;1004;1006;
1442;1006;998;
1443;998;1012;
1444;1012;994;
1445;994;1001;
1446;1001;995;
1447;995;1010;
1448;1010;1011;
1449;1011;1009;
1450;1009;1003;
1451;1003;2302;
1452;2302;1207;
1453;1207;1205;
1454;1205;1200;
1455;998;997;
1456;997;976;
1457;976;2303;
1458;2303;983;
1459;983;1201;
1460;1201;1213;
1461;1005;2301;
1462;2301;1008;
1463;1008;2305;
1464;2305;1206;
1465;1206;2300;
1466;2300;1203;
1467;994;1007;
1468;1007;988;
1469;988;2307;
1470;2307;1198;
1471;1198;1209;
1472;1209;1197;
1473;1012;1002;
1474;1002;981;
1475;981;2304;
1476;2304;987;
1477;987;1204;
1478;1204;1208;
1479;1208;1195;
1480;1006;1000;
1481;1000;984;
1482;984;2308;
1483;2308;989;
1484;989;1202;
1485;1202;1210;
1486;1210;1212;
1487;1001;993;
1488;993;992;
1489;992;2306;
1490;2306;1199;
1491;1199;1196;
1492;1196;1211;
1493;1026;1036;
1494;1036;1030;
1495;1030;1034;
1496;1034;2226;
1497;2226;1032;
1498;1032;1033;
1499;1033;1031;
1500;1031;1029;
1501;1042;1041;
1502;1041;1040;
1503;1040;1044;
1504;1044;2227;
1505;2227;1047;
1506;1047;1048;
1507;1048;1039;
1508;1039;1038;
1509;8;2228;
1510;2228;7;
1511;1071;128;
1512;128;11;
1513;442;1057;
1514;1057;440;
1515;440;444;
1516;1058;1055;
1517;1055;1056;
1518;1056;1054;
1519;1054;1052;
1520;1052;1053;
1521;1053;1937;
1522;1937;1602;
1523;1602;1057;
1524;126;127;
1525;127;1076;
1526;1076;1077;
1527;1077;1074;
1528;1074;1097;
1529;1097;1367;
1530;1367;1366;
1531;1366;1075;
1532;1076;1087;
1533;1087;1095;
1534;1095;1096;
1535;1096;1081;
1536;1081;1079;
1537;1079;1082;
1538;1082;1100;
1539;1100;1084;
1540;1084;1085;
1541;1085;1083;
1542;1083;1075;
1543;1075;1091;
1544;1091;1078;
1545;1078;486;
1546;1094;1086;
1547;1086;1933;
1548;1933;1092;
1549;1092;1101;
1550;1101;1099;
1551;1099;1080;
1552;1080;1088;
1553;1088;1089;
1554;99;1090;
1555;1090;1098;
1556;1098;1093;
1557;1103;1102;
1558;1110;2234;
1559;2234;1122;
1560;1122;1124;
1561;1124;1125;
1562;1125;1117;
1563;113;1120;
1564;1120;1112;
1565;1112;1114;
1566;419;1996;
1567;1996;1115;
1568;1115;1118;
1569;1118;1113;
1570;1113;1123;
1571;1117;1126;
1572;1126;1121;
1573;1121;1119;
1574;1119;114;
1575;1138;2471;
1576;2471;2472;
1577;2472;2473;
1578;2473;1136;
1579;1136;2474;
1580;2474;1137;
1581;1137;1135;
1582;1135;21;
1583;1139;1141;
1584;1141;1143;
1585;1143;2266;
1586;2266;1142;
1587;1142;1140;
1588;1140;1144;
1589;1144;527;
1590;527;1386;
1591;1386;1380;
1592;1380;1381;
1593;1381;193;
1594;706;1153;
1595;1153;1154;
1596;1154;1162;
1597;1162;1159;
1598;1159;1160;
1599;1160;1156;
1600;1156;1157;
1601;1157;1163;
1602;1163;1161;
1603;1161;1155;
1604;1155;1158;
1605;1158;705;
1606;732;1167;
1607;1167;1169;
1608;1169;1971;
1609;1971;1168;
1610;1594;1170;
1611;115;1930;
1612;1930;2125;
1613;2125;2124;
1614;2124;1923;
1615;1923;1917;
1616;1917;789;
1617;789;104;
1618;778;1217;
1619;1217;773;
1620;773;116;
1621;486;152;
1622;152;1108;
1623;1108;489;
1624;489;1110;
1625;1110;2235;
1626;2235;1116;
1627;1116;1109;
1628;1109;488;
1629;488;114;
1630;159;1046;
1631;1046;1049;
1632;1049;1852;
1633;1852;7;
1634;7;1042;
1635;1042;1867;
1636;1867;1029;
1637;1029;1035;
1638;1035;2098;
1639;2098;1027;
1640;1027;2099;
1641;2099;2078;
1642;2078;1028;
1643;1028;2100;
1644;2100;1026;
1645;104;788;
1646;788;1257;
1647;1257;2241;
1648;2241;149;
1649;149;2242;
1650;2242;59;
1651;59;1976;
1652;1976;60;
1653;60;730;
1654;730;2236;
1655;2236;2194;
1656;594;593;
1657;593;592;
1658;592;595;
1659;595;594;
1660;596;220;
1661;220;2535;
1662;2535;221;
1663;221;555;
1664;145;2229;
1665;2229;157;
1666;157;628;
1667;628;289;
1668;229;225;
1669;225;226;
1670;226;218;
1671;218;219;
1672;219;596;
1673;382;2446;
1674;2446;227;
1675;1821;1822;
1676;1822;454;
1677;454;456;
1678;456;1820;
1679;1820;750;
1680;750;1818;
1681;1818;1817;
1682;1817;2167;
1683;2167;749;
1684;749;455;
1685;455;2183;
1686;1217;2137;
1687;2137;2138;
1688;2138;1218;
1689;288;289;
1690;1222;1224;
1691;1224;2023;
1692;2023;1223;
1693;1230;1229;
1694;812;813;
1695;813;293;
1696;286;1863;
1697;58;1246;
1698;1246;1243;
1699;1243;1244;
1700;1244;1247;
1701;1247;585;
1702;585;1248;
1703;1248;1245;
1704;1245;1242;
1705;1242;1249;
1706;1249;58;
1707;1261;1255;
1708;1255;1258;
1709;1258;2238;
1710;2238;1259;
1711;1259;1253;
1712;1253;1254;
1713;1254;1257;
1714;1264;1262;
1715;1262;731;
1716;61;1268;
1717;1268;2244;
1718;2244;1281;
1719;1281;1274;
1720;1274;1280;
1721;1280;1278;
1722;1278;2252;
1723;2252;188;
1724;1278;1979;
1725;1979;1269;
1726;1269;1276;
1727;1276;1279;
1728;1279;1277;
1729;1277;1273;
1730;1273;1267;
1731;1267;1978;
1732;1978;1280;
1733;1274;1984;
1734;1984;1270;
1735;1270;1275;
1736;1275;1272;
1737;1272;1271;
1738;1271;1982;
1739;1982;1281;
1740;509;1288;
1741;1288;1291;
1742;1291;1290;
1743;1290;1293;
1744;1293;1292;
1745;510;1287;
1746;1287;1294;
1747;1294;1293;
1748;1293;282;
1749;1286;1287;
1750;502;1298;
1751;1298;1302;
1752;1302;1296;
1753;43;1863;
1754;1863;1869;
1755;1869;431;
1756;431;432;
1757;283;1297;
1758;1297;1304;
1759;1304;508;
1760;508;284;
1761;284;1300;
1762;1300;506;
1763;506;1295;
1764;1295;504;
1765;1317;1329;
1766;1329;1321;
1767;1321;1327;
1768;1327;1330;
1769;1330;1316;
1770;1316;1306;
1771;1306;1309;
1772;1309;1326;
1773;1335;1334;
1774;1334;1332;
1775;1332;1315;
1776;1315;1305;
1777;1305;1310;
1778;1310;1324;
1779;1326;1319;
1780;1319;1318;
1781;1318;1325;
1782;1325;1328;
1783;1328;1323;
1784;1323;1312;
1785;1326;1320;
1786;1320;1331;
1787;1331;1333;
1788;1333;1314;
1789;1314;1322;
1790;1322;1311;
1791;1311;1308;
1792;1308;1307;
1793;1307;1313;
1794;1313;1335;
1795;1338;1337;
1796;1337;1341;
1797;1341;1340;
1798;1340;501;
1799;36;1344;
1800;1344;2037;
1801;2037;1356;
1802;1356;1345;
1803;1345;2038;
1804;2038;2039;
1805;2039;2040;
1806;2040;1015;
1807;1351;1348;
1808;1348;1350;
1809;1350;1352;
1810;1352;1349;
1811;1349;1353;
1812;88;2525;
1813;2525;2149;
1814;2149;203;
1815;203;123;
1816;1357;371;
1817;1359;1669;
1818;1669;371;
1819;371;1668;
1820;1668;369;
1821;201;2002;
1822;2002;2001;
1823;2001;1370;
1824;1707;1706;
1825;1706;1708;
1826;1408;1393;
1827;1393;1422;
1828;1422;1390;
1829;1390;1114;
1830;2004;2003;
1831;2003;1388;
1832;1388;1402;
1833;1402;1420;
1834;1420;1394;
1835;1402;1417;
1836;1417;1415;
1837;1415;1404;
1838;1404;1391;
1839;1391;1423;
1840;1423;1395;
1841;1395;1397;
1842;1397;1428;
1843;1428;1407;
1844;1407;1421;
1845;1421;1406;
1846;1406;1411;
1847;1411;1387;
1848;1398;1403;
1849;1403;1412;
1850;1412;1389;
1851;1389;1416;
1852;1416;1396;
1853;1396;1409;
1854;1409;1427;
1855;1427;1416;
1856;1405;1424;
1857;1424;1398;
1858;1403;1400;
1859;1400;1401;
1860;1401;1413;
1861;1413;1399;
1862;1399;1419;
1863;1419;1410;
1864;1410;1425;
1865;1425;1392;
1866;1392;1412;
1867;1393;1426;
1868;1426;1414;
1869;1414;1418;
1870;1408;1405;
1871;1453;1451;
1872;1451;1438;
1873;494;1454;
1874;1454;1453;
1875;1108;1458;
1876;1458;1457;
1877;1457;1459;
1878;1459;1456;
1879;1456;1460;
1880;1438;1442;
1881;1442;29;
1882;271;2479;
1883;2479;1482;
1884;1482;1476;
1885;1476;1477;
1886;1477;2477;
1887;1481;1466;
1888;1466;2478;
1889;2478;1467;
1890;1467;1483;
1891;1483;1475;
1892;196;1499;
1893;1499;1501;
1894;1501;236;
1895;236;1496;
1896;1496;2004;
1897;2004;1500;
1898;1500;617;
1899;617;110;
1900;1496;1498;
1901;1498;1497;
1902;1522;1520;
1903;1520;1517;
1904;1517;1521;
1905;1521;1515;
1906;1515;1513;
1907;1513;1516;
1908;415;1234;
1909;1234;1519;
1910;1519;1514;
1911;1514;1518;
1912;1518;1522;
1913;669;681;
1914;63;673;
1915;673;668;
1916;668;692;
1917;692;428;
1918;428;518;
1919;518;65;
1920;65;2538;
1921;2538;421;
1922;421;962;
1923;962;2296;
1924;2296;66;
1925;66;2295;
1926;2295;468;
1927;468;1186;
1928;1186;67;
1929;67;68;
1930;68;69;
1931;69;70;
1932;70;1187;
1933;1187;71;
1934;71;1908;
1935;1908;72;
1936;72;1907;
1937;1907;1906;
1938;1906;73;
1939;73;2361;
1940;1526;1525;
1941;1525;1536;
1942;1536;1537;
1943;1537;649;
1944;2294;2293;
1945;2293;1543;
1946;1543;1542;
1947;1542;1538;
1948;1538;1540;
1949;1540;1549;
1950;1549;1548;
1951;1548;1545;
1952;1545;1546;
1953;1546;1828;
1954;289;2027;
1955;2027;2256;
1956;2256;1228;
1957;288;2133;
1958;2133;2143;
1959;1553;288;
1960;1557;1560;
1961;1560;1583;
1962;1583;1577;
1963;1577;1562;
1964;1562;1573;
1965;1573;1579;
1966;1579;1558;
1967;1558;1578;
1968;1578;1564;
1969;1564;1576;
1970;1576;1574;
1971;1574;1588;
1972;1588;1556;
1973;1556;1584;
1974;1584;1585;
1975;1585;1563;
1976;1563;1587;
1977;1587;1559;
1978;1559;1572;
1979;1572;1589;
1980;1589;1586;
1981;1586;1590;
1982;1590;1570;
1983;1570;1565;
1984;1565;1592;
1985;1592;1581;
1986;1581;1582;
1987;1582;1568;
1988;1568;1566;
1989;1566;1571;
1990;1571;1567;
1991;1567;1569;
1992;1569;1580;
1993;1580;1591;
1994;1591;1557;
1995;25;2462;
1996;2462;20;
1997;113;597;
1998;597;112;
1999;112;1464;
2000;1464;1114;
2001;1114;1418;
2002;1418;1105;
2003;1105;1123;
2004;1123;1843;
2005;1843;472;
2006;1595;1184;
2007;1184;1132;
2008;1132;1185;
2009;1185;1844;
2010;1844;81;
2011;195;2008;
2012;2008;2007;
2013;2007;1634;
2014;1618;1619;
2015;1619;1620;
2016;1620;1621;
2017;1621;1622;
2018;1622;1625;
2019;1625;1623;
2020;1623;1624;
2021;2174;640;
2022;1628;1627;
2023;1608;1609;
2024;1609;1629;
2025;1629;1638;
2026;1638;1631;
2027;1631;1610;
2028;1610;1611;
2029;1611;1632;
2030;1632;1630;
2031;1630;1639;
2032;1639;1612;
2033;1612;1613;
2034;1613;1608;
2035;1608;1637;
2036;1637;1640;
2037;1640;1641;
2038;1641;1634;
2039;1634;1633;
2040;1633;1635;
2041;1635;1636;
2042;1636;1612;
2043;1661;1654;
2044;1654;1647;
2045;1647;1664;
2046;1664;1651;
2047;1614;1681;
2048;1681;2009;
2049;2009;1684;
2050;1684;1676;
2051;1676;1675;
2052;1675;1679;
2053;1679;1687;
2054;1687;1674;
2055;1674;1686;
2056;1686;1673;
2057;1673;1680;
2058;1680;1689;
2059;1689;1671;
2060;1671;1683;
2061;1683;1682;
2062;1682;1688;
2063;1688;1677;
2064;1677;1672;
2065;1672;1685;
2066;1685;1678;
2067;1678;1673;
2068;1694;1698;
2069;1698;1696;
2070;1696;1700;
2071;1700;1692;
2072;1692;1697;
2073;1697;1699;
2074;1699;1691;
2075;1691;1690;
2076;1690;2011;
2077;2011;1693;
2078;1695;1694;
2079;1614;2010;
2080;2010;1670;
2081;1670;1695;
2082;1702;1701;
2083;1716;2005;
2084;2005;1715;
2085;1717;2006;
2086;2006;1718;
2087;1719;2015;
2088;2015;1720;
2089;1722;1938;
2090;1938;1723;
2091;1723;1727;
2092;1727;1725;
2093;1725;1724;
2094;1724;1721;
2095;1721;1726;
2096;1507;2042;
2097;2042;2044;
2098;2044;1737;
2099;1737;1734;
2100;1734;1741;
2101;1741;1744;
2102;1744;1729;
2103;1729;1740;
2104;1740;1738;
2105;1738;1742;
2106;1742;1731;
2107;1731;1732;
2108;1732;1736;
2109;1507;2043;
2110;2043;2045;
2111;2045;1739;
2112;1739;1743;
2113;1743;1733;
2114;1733;1735;
2115;1735;1730;
2116;1730;1729;
2117;1746;2047;
2118;2047;2049;
2119;2049;1745;
2120;1757;2048;
2121;2048;1759;
2122;1753;1755;
2123;1755;1754;
2124;1754;2050;
2125;2050;1758;
2126;1758;1756;
2127;1760;1506;
2128;1506;2123;
2129;1761;208;
2130;1762;206;
2131;1771;1769;
2132;1769;1773;
2133;1773;1768;
2134;1768;1772;
2135;1772;2052;
2136;2052;1770;
2137;1779;2051;
2138;2051;1774;
2139;1774;1778;
2140;1778;1777;
2141;1777;1776;
2142;1776;1775;
2143;217;224;
2144;1785;2012;
2145;2012;1788;
2146;1788;1787;
2147;1787;1786;
2148;1796;1795;
2149;1795;1799;
2150;1799;1797;
2151;1797;1800;
2152;1800;1793;
2153;1793;1794;
2154;1794;1798;
2155;2291;574;
2156;574;575;
2157;575;572;
2158;572;2290;
2159;2290;573;
2160;573;963;
2161;963;143;
2162;12;1596;
2163;1596;1870;
2164;1870;777;
2165;777;776;
2166;776;775;
2167;775;2090;
2168;2090;778;
2169;1835;1837;
2170;1837;748;
2171;748;2092;
2172;2092;115;
2173;2097;1492;
2174;1492;2426;
2175;2426;2139;
2176;2139;2094;
2177;2094;2093;
2178;2093;1190;
2179;1190;1189;
2180;1838;1839;
2181;1839;1224;
2182;1871;755;
2183;755;2169;
2184;2169;2171;
2185;2171;2168;
2186;2168;2172;
2187;2172;634;
2188;1862;932;
2189;932;947;
2190;947;930;
2191;1871;1836;
2192;1836;1849;
2193;1849;103;
2194;1872;1473;
2195;1473;1469;
2196;1469;2476;
2197;2476;1480;
2198;1480;1474;
2199;1474;1485;
2200;1485;1486;
2201;1486;1484;
2202;1484;2477;
2203;2477;1475;
2204;1475;1468;
2205;1468;1479;
2206;1479;1478;
2207;250;1873;
2208;1873;1874;
2209;1874;1899;
2210;1899;1875;
2211;1875;1876;
2212;1877;1881;
2213;1881;1878;
2214;1878;1879;
2215;1879;1880;
2216;1880;1881;
2217;1882;1886;
2218;1886;1883;
2219;1883;1884;
2220;1884;1885;
2221;1885;1894;
2222;1896;264;
2223;264;1888;
2224;1888;1889;
2225;1889;1890;
2226;1890;1891;
2227;1891;2480;
2228;2480;2481;
2229;2481;1892;
2230;1892;1893;
2231;1893;1894;
2232;1894;1895;
2233;1895;264;
2234;1897;1898;
2235;267;2468;
2236;2468;2467;
2237;2467;266;
2238;266;2466;
2239;2466;265;
2240;265;557;
2241;1921;1920;
2242;1920;1919;
2243;1919;1918;
2244;1918;1924;
2245;1924;1925;
2246;1925;1926;
2247;1926;1929;
2248;1265;739;
2249;1983;1256;
2250;1968;738;
2251;2014;1703;
2252;1949;1947;
2253;1947;1945;
2254;1965;1962;
2255;1962;660;
2256;740;1968;
2257;1968;1969;
2258;1969;2402;
2259;2402;737;
2260;659;1951;
2261;1951;1952;
2262;1952;1957;
2263;1981;1983;
2264;1983;1251;
2265;1266;1973;
2266;1973;744;
2267;1960;1955;
2268;1955;1956;
2269;1956;1958;
2270;1958;661;
2271;1963;1959;
2272;1959;1953;
2273;1953;1954;
2274;1954;1949;
2275;1949;1946;
2276;1946;1948;
2277;1948;1950;
2278;2035;2036;
2279;2036;1317;
2280;2065;2066;
2281;2061;1762;
2282;1903;2059;
2283;2071;2072;
2284;2072;2073;
2285;2073;2074;
2286;2059;2057;
2287;2060;2061;
2288;2061;2062;
2289;2062;2063;
2290;2063;2064;
2291;2064;2065;
2292;2066;2067;
2293;2067;2068;
2294;2068;2069;
2295;2069;2056;
2296;6;2079;
2297;2079;2080;
2298;2081;2082;
2299;2082;2083;
2300;2082;2086;
2301;2086;2084;
2302;2084;2085;
2303;2086;2087;
2304;1835;103;
2305;135;2058;
2306;2058;719;
2307;719;2395;
2308;2395;1284;
2309;1284;1835;
2310;116;115;
2311;2097;2096;
2312;2096;2095;
2313;2095;2094;
2314;2103;2104;
2315;2104;2106;
2316;2106;615;
2317;615;2108;
2318;2108;2107;
2319;2107;2105;
2320;2111;2110;
2321;148;2298;
2322;2298;2297;
2323;155;148;
2324;2110;2122;
2325;78;465;
2326;465;75;
2327;2113;2120;
2328;2120;2119;
2329;2122;2121;
2330;2121;2113;
2331;2119;2118;
2332;2118;2109;
2333;2112;2115;
2334;2115;2114;
2335;2114;522;
2336;2109;2117;
2337;2117;2116;
2338;2116;2164;
2339;2164;2112;
2340;2123;1489;
2341;2128;1220;
2342;1220;2127;
2343;2127;2129;
2344;2129;2130;
2345;2131;1553;
2346;2132;2133;
2347;1229;2028;
2348;2028;2027;
2349;2136;2550;
2350;2550;2135;
2351;345;1509;
2352;1509;1165;
2353;1165;1166;
2354;782;1986;
2355;1986;783;
2356;783;2089;
2357;1432;1455;
2358;1455;494;
2359;494;1433;
2360;1433;1434;
2361;1434;1437;
2362;1437;1430;
2363;1430;1438;
2364;326;781;
2365;131;129;
2366;1836;1191;
2367;1191;2097;
2368;2145;2144;
2369;1666;2145;
2370;2145;1667;
2371;208;619;
2372;619;618;
2373;618;209;
2374;209;2166;
2375;2166;429;
2376;206;1761;
2377;589;590;
2378;2057;2060;
2379;213;2054;
2380;2054;212;
2381;2056;2070;
2382;2070;2071;
2383;1900;1902;
2384;1902;1905;
2385;1905;1904;
2386;1904;1901;
2387;1901;1903;
2388;2147;2148;
2389;2148;267;
2390;2161;2544;
2391;2544;2190;
2392;2190;425;
2393;425;1025;
2394;1025;2540;
2395;2540;2158;
2396;2158;2160;
2397;2160;2539;
2398;2539;2159;
2399;2152;2151;
2400;637;132;
2401;132;1802;
2402;1802;1803;
2403;1803;513;
2404;513;1233;
2405;1233;142;
2406;2181;2180;
2407;2188;2187;
2408;2179;2177;
2409;2177;2178;
2410;1223;2189;
2411;2189;2547;
2412;2547;2548;
2413;2548;2546;
2414;2546;2192;
2415;2192;2549;
2416;2549;2545;
2417;2545;495;
2418;2194;734;
2419;734;2248;
2420;2248;733;
2421;733;735;
2422;2193;2194;
2423;2193;585;
2424;735;2249;
2425;2249;2193;
2426;2195;1083;
2427;1026;2102;
2428;2102;1864;
2429;1864;1038;
2430;1038;1857;
2431;1857;8;
2432;8;1045;
2433;1045;1226;
2434;1226;1225;
2435;1225;1043;
2436;1043;43;
2437;230;233;
2438;31;235;
2439;235;223;
2440;223;2449;
2441;2449;230;
2442;382;398;
2443;398;228;
2444;228;229;
2445;229;230;
2446;230;231;
2447;231;390;
2448;390;385;
2449;385;2353;
2450;2353;402;
2451;402;2352;
2452;2352;2342;
2453;31;2451;
2454;1228;2254;
2455;2254;2257;
2456;2257;433;
2457;1228;1355;
2458;1355;2198;
2459;2198;626;
2460;2099;2424;
2461;2424;624;
2462;754;634;
2463;634;2154;
2464;2154;485;
2465;485;2184;
2466;2184;2101;
2467;2101;2186;
2468;2186;2159;
2469;2159;629;
2470;629;627;
2471;627;2151;
2472;2151;632;
2473;632;1023;
2474;1023;1024;
2475;1024;1022;
2476;1022;2163;
2477;2163;1838;
2478;1838;145;
2479;2201;364;
2480;364;359;
2481;2202;2203;
2482;356;381;
2483;381;2316;
2484;2316;2315;
2485;2315;357;
2486;357;2202;
2487;2202;2314;
2488;2314;358;
2489;358;359;
2490;359;94;
2491;94;90;
2492;90;2214;
2493;2214;2524;
2494;2524;2215;
2495;2215;92;
2496;92;2216;
2497;2216;91;
2498;91;346;
2499;346;2217;
2500;2217;93;
2501;94;352;
2502;352;351;
2503;351;577;
2504;577;2440;
2505;2440;97;
2506;123;2511;
2507;2511;2510;
2508;2510;2509;
2509;2509;2512;
2510;2512;2506;
2511;2506;86;
2512;86;120;
2513;120;122;
2514;122;96;
2515;274;2222;
2516;2222;2225;
2517;2225;2223;
2518;2223;2224;
2519;2224;2553;
2520;2553;2360;
2521;2394;1989;
2522;1989;1524;
2523;1524;665;
2524;665;669;
2525;781;2088;
2526;2088;2269;
2527;2269;2312;
2528;2312;2089;
2529;421;2281;
2530;2281;2277;
2531;2277;2279;
2532;2279;2280;
2533;2280;2278;
2534;2278;962;
2535;1544;1547;
2536;1547;423;
2537;1544;1539;
2538;1539;2284;
2539;2284;1541;
2540;1541;1828;
2541;1828;2285;
2542;2285;2283;
2543;2283;2282;
2544;2282;1544;
2545;136;1916;
2546;1916;1827;
2547;1827;1826;
2548;1826;475;
2549;475;620;
2550;1472;256;
2551;256;257;
2552;257;258;
2553;258;1465;
2554;1465;259;
2555;259;260;
2556;2357;2358;
2557;2359;2360;
2558;2358;2359;
2559;640;652;
2560;652;1929;
2561;1929;1598;
2562;1598;469;
2563;2183;2427;
2564;2427;2170;
2565;2170;2169;
2566;24;2324;
2567;2324;407;
2568;407;2326;
2569;2326;2323;
2570;2323;2325;
2571;2325;404;
2572;404;397;
2573;397;2422;
2574;2422;4;
2575;2346;2345;
2576;2345;2347;
2577;2347;2450;
2578;2450;2357;
2579;2357;550;
2580;550;2348;
2581;2348;2332;
2582;2332;548;
2583;548;2331;
2584;2331;2456;
2585;2456;2455;
2586;2455;2458;
2587;2458;2330;
2588;2330;2457;
2589;2457;2329;
2590;2329;2452;
2591;2452;22;
2592;22;2328;
2593;2328;393;
2594;393;2454;
2595;2454;2327;
2596;2327;24;
2597;581;1931;
2598;1931;1810;
2599;1810;1806;
2600;1806;450;
2601;450;1808;
2602;1808;1814;
2603;1814;1807;
2604;1807;1809;
2605;1809;644;
2606;644;452;
2607;2369;2367;
2608;2367;2368;
2609;2368;2371;
2610;2371;2370;
2611;2370;2182;
2612;2366;2369;
2613;2365;2366;
2614;2376;2374;
2615;2374;2373;
2616;2373;2375;
2617;2371;2378;
2618;2378;2372;
2619;2378;2384;
2620;2384;2380;
2621;2380;2379;
2622;2379;2377;
2623;2377;2382;
2624;2382;2383;
2625;2381;2386;
2626;2386;2389;
2627;2389;2385;
2628;2385;2387;
2629;2389;2388;
2630;705;1194;
2631;1194;1193;
2632;1193;1192;
2633;1192;1511;
2634;1511;1987;
2635;1987;704;
2636;704;1510;
2637;1510;331;
2638;331;1551;
2639;1551;332;
2640;332;686;
2641;686;672;
2642;672;685;
2643;685;693;
2644;693;667;
2645;667;671;
2646;671;680;
2647;680;333;
2648;333;411;
2649;411;696;
2650;696;662;
2651;662;1550;
2652;1550;414;
2653;414;1164;
2654;1164;345;
2655;2404;2405;
2656;2405;2397;
2657;2397;2402;
2658;2402;2403;
2659;743;2398;
2660;2401;2407;
2661;2407;2408;
2662;2408;2398;
2663;2398;2400;
2664;742;2404;
2665;2404;2406;
2666;2406;2399;
2667;741;2407;
2668;2396;2406;
2669;2414;2413;
2670;2415;2409;
2671;2409;2411;
2672;2411;1250;
2673;1252;2415;
2674;2415;2412;
2675;2412;2414;
2676;2414;1260;
2677;2411;2410;
2678;2242;2419;
2679;2421;720;
2680;2429;2437;
2681;2437;2428;
2682;2431;2436;
2683;2436;2430;
2684;2433;2439;
2685;2439;2432;
2686;2435;2438;
2687;2438;2434;
2688;460;274;
2689;274;89;
2690;89;2498;
2691;2498;2499;
2692;2499;2517;
2693;2517;2500;
2694;2500;2507;
2695;2507;2501;
2696;2501;2502;
2697;2502;2503;
2698;2503;2504;
2699;2504;2505;
2700;2505;2513;
2701;2513;2506;
